a[1] 1 20000
a[2] 20001 40000
a[3] 40001 60000
a[4] 60001 80000
a[5] 80001 100000
a[6] 100001 120000
a[7] 120001 140000
a[8] 140001 160000
a[9] 160001 180000
a[10] 180001 200000
a[11] 200001 220000
a[12] 220001 240000
a[13] 240001 260000
a[14] 260001 280000
a[15] 280001 300000
a[16] 300001 320000
a[17] 320001 340000
a[18] 340001 360000
a[19] 360001 380000
a[20] 380001 400000
a[21] 400001 420000
a[22] 420001 440000
a[23] 440001 460000
a[24] 460001 480000
a[25] 480001 500000
a[26] 500001 520000
a[27] 520001 540000
a[28] 540001 560000
a[29] 560001 580000
a[30] 580001 600000
a[31] 600001 620000
a[32] 620001 640000
a[33] 640001 660000
a[34] 660001 680000
a[35] 680001 700000
a[36] 700001 720000
a[37] 720001 740000
a[38] 740001 760000
a[39] 760001 780000
a[40] 780001 800000
a[41] 800001 820000
a[42] 820001 840000
a[43] 840001 860000
a[44] 860001 880000
a[45] 880001 900000
a[46] 900001 920000
a[47] 920001 940000
a[48] 940001 960000
a[49] 960001 980000
a[50] 980001 1000000
a[51] 1000001 1020000
a[52] 1020001 1040000
a[53] 1040001 1060000
a[54] 1060001 1080000
a[55] 1080001 1100000
a[56] 1100001 1120000
a[57] 1120001 1140000
a[58] 1140001 1160000
a[59] 1160001 1180000
a[60] 1180001 1200000
a[61] 1200001 1220000
a[62] 1220001 1240000
a[63] 1240001 1260000
a[64] 1260001 1280000
a[65] 1280001 1300000
a[66] 1300001 1320000
a[67] 1320001 1340000
a[68] 1340001 1360000
a[69] 1360001 1380000
a[70] 1380001 1400000
a[71] 1400001 1420000
a[72] 1420001 1440000
a[73] 1440001 1460000
a[74] 1460001 1480000
a[75] 1480001 1500000
a[76] 1500001 1520000
a[77] 1520001 1540000
a[78] 1540001 1560000
a[79] 1560001 1580000
a[80] 1580001 1600000
a[81] 1600001 1620000
a[82] 1620001 1640000
a[83] 1640001 1660000
a[84] 1660001 1680000
